,open,high,low,close,volume
2023-01-03,171.3200,172.0900,170.0200,171.0600,7992927
2023-01-04,172.8600,173.0900,171.8450,172.6700,7574633
2023-01-05,170.8240,171.0000,169.7900,170.5200,4692610
2023-01-06,171.7600,173.9600,171.2300,173.7100,7888954
2023-01-09,174.5100,175.0350,173.8810,174.1000,5134503
2023-01-10,174.6100,174.9800,174.0600,174.7400,4398411
2023-01-11,174.7600,174.7900,173.7200,174.6200,3374201
2023-01-12,176.0100,176.7100,174.8800,176.6400,6936919
2023-01-13,176.9600,178.8250,176.8934,178.7600,7468768
2023-01-17,178.2100,178.2400,177.0900,177.5900,6610834
2023-01-18,178.9200,179.1800,176.9000,177.0800,5384664
2023-01-19,178.3700,180.0300,178.0900,179.8900,6678687
2023-01-20,179.0600,179.6600,178.6450,179.2900,5754818
2023-01-23,178.3500,179.6900,177.7800,179.6300,5265507
2023-01-24,179.5600,180.3200,178.3500,180.2800,4604628
2023-01-25,179.3500,181.2200,179.2925,181.1100,6925348
2023-01-26,180.1460,180.2650,178.4600,179.4700,5860129
2023-01-27,179.2700,179.7200,178.2620,179.2200,6052728
2023-01-30,179.2860,179.4300,178.6500,178.7600,4210726
2023-01-31,178.8200,179.6990,178.5400,179.4100,5976888
2023-02-01,179.7500,181.7300,178.6300,181.6700,7996005
2023-02-02,181.0800,181.1100,177.7400,177.9000,8842396
2023-02-03,174.9200,175.4300,173.1200,173.4600,13674441
2023-02-06,174.1100,174.4550,173.2800,173.8200,8956963
2023-02-07,173.7200,175.2700,173.4700,173.9800,6794153
2023-02-08,174.9420,174.9900,173.8300,174.4100,4075638
2023-02-09,175.4900,175.5200,172.8700,173.0300,5361340
2023-02-10,173.6300,173.6800,172.6300,173.3600,2971125
2023-02-13,172.7000,172.9014,172.0700,172.4800,3970786
2023-02-14,171.9700,173.5100,171.4100,172.6100,5403099
2023-02-15,170.6000,170.9900,170.1600,170.8900,5435337
2023-02-16,170.3400,171.6000,169.9600,170.7500,4540398
2023-02-17,169.8700,171.4700,169.5200,171.2600,4809799
2023-02-21,171.2000,171.5000,170.3400,170.6200,4035933
2023-02-22,170.8100,170.9600,169.5600,169.6600,4105675
2023-02-23,169.8400,170.1250,169.0800,169.5700,5073479
2023-02-24,168.4200,168.8400,168.1900,168.3500,6496496
2023-02-27,168.8800,169.2300,168.5500,169.0100,4509151
2023-02-28,168.7810,170.2500,168.5900,169.7800,6761585
2023-03-01,170.9500,171.4900,170.4700,170.7600,6590468
2023-03-02,170.5200,170.9750,170.3600,170.6600,3952266
2023-03-03,171.4500,172.5950,170.9800,172.4900,6894466
2023-03-06,172.3200,172.3700,171.5400,171.6200,4264124
2023-03-07,170.4200,170.4700,168.5200,168.6200,8713268
2023-03-08,168.6100,169.5900,168.5200,168.5400,5718595
2023-03-09,169.7510,170.6500,169.7100,170.2000,5582980
2023-03-10,171.9300,173.8800,171.9200,173.8700,13803437
2023-03-13,176.6600,178.0200,176.3000,177.8600,20554417
2023-03-14,177.3500,177.5900,176.2100,176.8300,10019032
2023-03-15,178.8600,180.1300,177.4900,178.2100,14546095
2023-03-16,179.5100,179.6540,177.8700,178.5700,10764872
2023-03-17,181.0200,184.8100,180.7700,183.7700,24156266
2023-03-20,184.1900,184.5400,182.7400,183.8400,11845678
2023-03-21,182.6500,182.7300,179.9000,180.3700,10734493
2023-03-22,180.4000,183.9400,180.2800,183.4400,11969561
2023-03-23,183.9100,186.2400,183.5996,185.7400,11347149
2023-03-24,185.6060,185.9900,183.6200,183.6500,9253075
2023-03-27,181.1500,182.1500,180.6900,181.9500,6925046
2023-03-28,182.3100,183.6200,182.1200,183.4400,6202597
2023-03-29,182.4900,183.2700,182.2400,182.5300,4996493
2023-03-30,182.7500,184.4401,182.5500,184.1800,6360296
2023-03-31,184.1100,184.4200,182.8000,183.2200,8003334
2023-04-03,183.8500,185.0350,183.3200,184.5400,9206635
2023-04-04,184.7224,188.2300,184.6600,187.9800,13765361
2023-04-05,188.3400,188.8600,186.7800,187.8300,11440827
2023-04-06,186.8901,187.2600,185.9500,186.4900,6648428
2023-04-10,185.1800,185.3600,184.1900,185.1100,6408114
2023-04-11,185.9050,186.5100,185.6350,186.2800,6031494
2023-04-12,187.5400,187.6600,185.9700,187.1900,10000948
2023-04-13,189.7600,190.4100,188.9900,189.7200,14060106
2023-04-14,188.0800,188.4869,185.1700,186.3600,13272541
2023-04-17,185.8900,185.9300,184.1000,185.5300,7453033
2023-04-18,185.2400,186.9900,185.0400,186.2500,8056928
2023-04-19,184.3499,185.5800,184.2800,185.3600,7373518
2023-04-20,186.1400,187.0300,185.7800,186.0900,5789908
2023-04-21,184.9800,185.6800,183.2200,184.2500,10698705
2023-04-24,184.0700,185.0250,183.4600,184.8100,8303396
2023-04-25,184.8400,186.2204,184.3000,185.7500,8451933
2023-04-26,186.6300,186.6500,184.3000,184.7400,7922583
2023-04-27,183.9000,184.9890,183.3800,184.7500,9107425
2023-04-28,184.7900,185.3800,184.1700,184.8000,6700418
2023-05-01,186.0500,186.2200,183.9100,183.9700,7997658
2023-05-02,184.6500,187.6400,184.5150,187.5200,13554921
2023-05-03,187.6100,189.2050,186.9300,189.1100,11133826
2023-05-04,188.8600,191.3600,188.8100,190.4400,14146787
2023-05-05,186.5600,187.5800,185.7700,187.4600,12508113
2023-05-08,187.8200,188.6700,187.4900,187.6900,6075441
2023-05-09,188.1200,189.3300,188.0700,189.0200,7098810
2023-05-10,188.9750,189.6400,187.8200,188.7500,9392097
2023-05-11,188.4400,188.8100,186.8600,187.1300,8245523
2023-05-12,187.4300,187.9200,186.5800,186.8100,7087462
2023-05-15,187.3000,187.8800,187.0320,187.2100,5518086
2023-05-16,186.5800,186.8200,184.4601,184.8700,9527806
2023-05-17,184.3050,184.4500,183.4800,184.2300,7474277
2023-05-18,182.1000,182.2800,181.3350,181.8400,8812591
2023-05-19,182.2500,184.3400,181.8100,183.6400,8434976
2023-05-22,183.2200,183.8400,182.9100,183.2100,4834298
2023-05-23,182.7800,183.7600,182.4800,183.4300,6345012
2023-05-24,183.5400,183.5400,181.7700,181.9500,6732940
2023-05-25,181.1800,181.3100,180.1000,180.2000,6919174
2023-05-26,181.0100,181.3000,180.0900,180.9200,5823674
2023-05-30,181.7200,182.4000,181.1700,182.0400,4906066
2023-05-31,182.3900,183.4450,182.1000,182.3200,8435540
2023-06-01,182.8100,184.2100,182.7200,183.7600,7300542
2023-06-02,183.5300,183.5600,180.9600,181.0500,8726111
2023-06-05,180.7900,182.4400,180.6650,182.1400,5748800
2023-06-06,182.3600,182.6500,181.5200,182.3400,4967156
2023-06-07,181.9400,183.0000,180.1500,180.1500,9066528
2023-06-08,182.0000,183.0400,181.9600,182.5300,6394890
2023-06-09,182.3600,182.7900,181.7200,182.0400,4380811
2023-06-12,181.8000,181.9400,181.0400,181.8800,4875450
2023-06-13,182.1000,182.4300,180.1650,180.5400,5126686
2023-06-14,181.6900,181.9600,180.1400,180.6400,6807003
2023-06-15,180.2800,182.0500,180.1800,181.9100,6739009
2023-06-16,181.9250,182.6180,181.4100,181.6300,8779096
2023-06-20,180.0600,180.0900,179.2200,179.7500,7586229
2023-06-21,179.1500,179.9500,178.1900,179.4900,6702339
2023-06-22,178.3600,178.9900,177.6300,177.7100,7948565
2023-06-23,179.6000,179.9500,178.0900,178.2000,5419784
2023-06-26,179.0500,179.0750,178.4200,178.5100,3222050
2023-06-27,179.0700,179.2900,177.4300,177.6900,5036916
2023-06-28,177.2300,177.6850,176.7000,177.2800,5866741
2023-06-29,175.8300,177.6300,175.7900,177.0900,6862511
2023-06-30,177.6900,178.5300,177.3200,178.2700,6420904
2023-07-03,178.6100,179.3400,178.4600,178.4700,4085711
2023-07-05,179.4100,179.4200,177.8250,177.8400,5652091
2023-07-06,177.5100,177.8000,176.6600,177.3100,5132954
2023-07-07,178.3800,179.6500,178.3500,178.6400,5201148
2023-07-10,178.3700,178.9200,178.2601,178.7800,3320497
2023-07-11,179.4300,179.7100,179.1300,179.4500,2819610
2023-07-12,181.1800,181.9500,181.1000,181.8800,7062010
2023-07-13,181.9600,182.1500,181.4900,182.0100,4527900
2023-07-14,181.5900,182.1700,181.1101,181.4300,5389968
2023-07-17,180.9900,181.6307,180.6400,181.5600,4152919
2023-07-18,182.7900,184.2300,182.3200,183.6400,8242597
2023-07-19,183.4500,183.8350,182.8700,183.6700,3911565
2023-07-20,183.7300,183.7700,182.4700,182.7400,4972856
2023-07-21,182.0600,182.4600,181.6800,182.1800,3845361
2023-07-24,182.2200,182.5400,181.3400,181.4000,4370026
2023-07-25,181.7200,182.4700,181.1000,182.4100,4090149
2023-07-26,182.6600,183.6400,182.3100,183.3000,6158432
2023-07-27,181.6400,181.6400,180.3200,180.4200,7592752
2023-07-28,181.4800,182.2700,181.2500,181.8600,3829197
2023-07-31,182.4300,183.0900,182.3100,182.3500,5496890
2023-08-01,180.8500,181.3750,180.1900,180.4600,6289869
2023-08-02,180.5700,180.7900,179.4100,179.6000,6348266
2023-08-03,179.4400,179.9500,179.2800,179.5400,4638874
2023-08-04,180.2500,180.7700,179.8500,180.1900,5326191
2023-08-07,180.1500,180.1500,179.2700,179.7800,4510408
2023-08-08,178.6400,179.3300,178.4600,178.6400,6162879
2023-08-09,178.6800,178.9200,177.7800,177.7900,4643998
2023-08-10,178.2200,178.7000,177.5400,177.6000,5934598
2023-08-11,177.7000,178.3600,177.4900,177.6000,5289694
2023-08-14,176.8600,177.5800,176.5787,177.0600,9554477
2023-08-15,176.7500,177.4300,176.3300,176.5900,7582703
2023-08-16,176.6200,176.9450,175.5600,175.5700,6559418
2023-08-17,176.5300,176.5600,174.9300,175.3000,7937672
2023-08-18,175.8300,176.0550,175.1000,175.3300,6253027
2023-08-21,175.9000,175.9400,174.9600,175.8100,4206360
2023-08-22,175.8300,176.2500,175.3100,176.1000,5892540
2023-08-23,177.3200,178.2200,177.0700,177.8900,7949056
2023-08-24,177.6600,178.4900,177.4100,177.8500,5526428
2023-08-25,177.5800,178.3800,176.6300,177.6200,6132927
2023-08-28,177.6500,178.7300,177.5100,178.1300,4740683
2023-08-29,178.0300,179.8800,177.9000,179.8700,7576640
2023-08-30,180.5800,180.8800,180.2900,180.3200,6593692
2023-08-31,180.3700,180.4900,179.9400,180.0200,4795626
2023-09-01,180.8000,181.1200,179.5100,180.1100,4970732
2023-09-05,179.3300,179.4438,178.6400,178.6400,7056834
2023-09-06,178.3300,179.0100,177.7000,177.8300,6427224
2023-09-07,178.3100,178.3701,177.9000,178.0200,3257213
2023-09-08,178.3600,179.0450,177.9000,178.0800,3293699
2023-09-11,178.9700,179.0700,178.2610,178.4100,3689085
2023-09-12,177.1100,177.7000,177.0500,177.4900,4445435
2023-09-13,177.5300,177.7500,177.0350,177.0800,3874788
2023-09-14,176.5000,177.3900,176.3600,177.1700,6184382
2023-09-15,178.5500,179.1050,178.3400,178.3400,5620888
2023-09-18,178.8200,179.4100,178.3800,179.3900,5049308
2023-09-19,179.5400,179.6500,179.0300,179.2200,4225102
2023-09-20,179.3400,180.6600,179.3200,179.3500,9330262
2023-09-21,177.8600,178.4850,177.6900,178.0500,7573300
2023-09-22,178.6500,178.9500,178.5100,178.6200,3637075
2023-09-25,178.4100,178.7100,177.6400,177.7000,5582074
2023-09-26,176.8250,177.1400,176.1600,176.2800,7181080
2023-09-27,175.2700,175.3200,173.7000,174.1000,10919579
2023-09-28,173.9100,174.1350,172.3200,173.2300,10061917
2023-09-29,173.9200,174.0300,171.2650,171.4500,10427383
2023-10-02,170.2300,170.4600,169.5000,169.6500,12706027
2023-10-03,169.1400,170.0800,168.7450,169.1600,11459840
2023-10-04,169.2100,169.4100,168.5000,169.1400,10034600
2023-10-05,168.7400,169.0000,168.3000,168.8300,6970219
2023-10-06,169.1700,170.2300,168.5000,169.7000,9948433
2023-10-09,171.1800,172.8600,171.0750,172.8200,10201547
2023-10-10,172.0800,172.7950,171.9000,172.5300,5843995
2023-10-11,173.6000,174.1250,173.2600,173.7900,7128002
2023-10-12,174.0600,174.2300,173.2400,173.2600,5912663
2023-10-13,176.8921,179.0950,176.7200,178.8300,18802885
2023-10-16,177.8400,178.3300,177.5350,177.9600,8385428
2023-10-17,178.3700,179.1300,177.9800,178.2900,8231866
2023-10-18,180.8940,182.0200,179.7500,180.8700,13920793
2023-10-19,181.0400,183.4300,180.8200,183.0900,13406560
2023-10-20,183.4300,185.2300,183.0900,183.5900,12785667
2023-10-23,183.5099,183.5600,182.7050,182.9700,9479805
2023-10-24,182.0700,183.4000,181.6800,182.9500,6593963
2023-10-25,183.4200,184.2993,182.0400,183.7200,10087016
2023-10-26,183.4000,184.4900,182.8700,184.0100,7671406
2023-10-27,183.7600,186.3600,183.4700,186.1500,14102828
2023-10-30,185.5400,185.7000,184.7300,185.1000,8756405
2023-10-31,185.0800,186.2100,183.4950,184.0900,10104569
2023-11-01,183.9100,185.0000,182.6700,183.5100,9048562
2023-11-02,184.1300,184.2800,183.5000,184.1200,7343699
2023-11-03,184.4800,185.4700,184.3500,184.7900,8530399
2023-11-06,184.1400,184.2300,183.3400,183.3500,8274666
2023-11-07,182.2500,182.6500,181.7500,182.5900,6795795
2023-11-08,182.0100,182.0650,180.5699,180.7700,6738304
2023-11-09,180.9800,182.2800,180.8900,181.4900,6486286
2023-11-10,180.5100,180.5850,179.2450,179.5100,7611618
2023-11-13,179.4000,180.7300,179.1100,180.5100,5385908
2023-11-14,181.7000,182.7500,181.6200,182.1200,6831639
2023-11-15,182.0300,182.1800,181.3100,181.6400,4909399
2023-11-16,182.8457,184.3200,182.8000,183.6900,8253348
2023-11-17,183.9600,184.1250,183.4500,183.6700,4871297
2023-11-20,182.3200,183.4800,182.2250,183.3700,5393464
2023-11-21,185.5700,186.1150,185.0650,185.3500,7322379
2023-11-22,185.4700,185.7200,184.2715,184.5600,4338209
2023-11-24,185.4700,185.7500,185.1600,185.5200,2445058
2023-11-27,186.5600,186.8000,185.9300,186.7700,6320420
2023-11-28,187.9000,189.4000,187.5200,189.2600,10901890
2023-11-29,189.1600,189.9900,189.0200,189.5400,8407253
2023-11-30,188.8900,189.2400,188.2800,188.7500,7558123
2023-12-01,188.8050,192.3950,188.6850,192.0100,16727571
2023-12-04,189.5990,190.3800,187.2600,187.8600,18460544
2023-12-05,187.5501,187.8800,186.3000,187.1500,7027722
2023-12-06,188.3200,188.4600,187.5000,187.8400,5729710
2023-12-07,188.4500,188.5900,187.2600,188.1500,5802025
2023-12-08,185.9300,186.7800,184.9000,185.6400,7883204
2023-12-11,184.5000,184.5300,183.1513,183.5900,8519527
2023-12-12,183.8440,183.9800,183.2600,183.4900,5056911
2023-12-13,183.8200,187.6600,183.3800,187.6300,10635500
2023-12-14,188.8649,189.8200,188.0800,188.7300,9107157
2023-12-15,188.5200,188.9600,186.8200,187.0000,8324824
2023-12-18,187.5000,188.4900,187.2400,187.8500,5357987
2023-12-19,188.2300,189.7239,188.1300,189.1300,6003955
2023-12-20,188.6900,188.9600,188.0850,188.1000,6002395
2023-12-21,189.2100,189.6200,188.7500,189.4300,4619995
2023-12-22,191.6000,191.8800,190.0700,190.2700,7176292
2023-12-26,190.9700,191.7400,190.4000,191.7200,4502664
2023-12-27,191.7700,193.1823,191.5400,192.5900,5726866
2023-12-28,192.3400,192.8900,191.4400,191.4700,6171506
2023-12-29,190.9900,191.6400,190.7400,191.1700,4612349
