,open,high,low,close,volume
2023-01-03,29.8700,30.1500,29.2000,29.3700,25387
2023-01-04,28.4500,28.4500,27.6700,27.8800,67231
2023-01-05,27.7900,28.4495,27.6700,27.9700,32836
2023-01-06,28.5200,28.5500,27.9550,28.1000,23216
2023-01-09,28.8100,29.1000,28.4400,28.5500,33047
2023-01-10,28.7200,28.8500,28.3799,28.5500,12970
2023-01-11,29.1800,29.5500,28.9500,29.5000,62778
2023-01-12,29.9100,30.0790,29.7100,29.7100,33095
2023-01-13,29.9700,30.4650,29.9668,30.4400,19887
2023-01-17,30.7600,30.8300,30.2100,30.7200,46493
2023-01-18,31.0000,31.2500,30.0900,30.2200,31973
2023-01-19,30.3900,30.8972,30.2400,30.6800,52216
2023-01-20,30.8800,31.1100,30.4000,30.9500,41612
2023-01-23,31.1500,31.3500,30.9500,31.0100,38456
2023-01-24,31.0500,31.0700,30.3700,30.5400,21750
2023-01-25,30.5000,30.7600,30.3000,30.5900,16927
2023-01-26,31.1400,31.1400,30.7100,30.8100,9475
2023-01-27,31.1700,31.1700,30.0600,30.2123,30489
2023-01-30,29.8800,30.3050,29.5200,29.5300,33165
2023-01-31,29.4300,30.1700,29.4300,30.1300,19757
2023-02-01,29.9800,30.1018,29.0010,29.3100,54906
2023-02-02,29.0600,29.2882,28.7000,28.8500,80273
2023-02-03,28.9400,29.6500,27.9500,27.9500,82584
2023-02-06,28.2900,28.4700,27.6300,28.4700,47355
2023-02-07,28.5200,29.5000,28.5200,29.5000,46772
2023-02-08,29.7500,29.8600,29.3700,29.7900,17969
2023-02-09,29.6700,29.7000,29.2500,29.5500,18024
2023-02-10,30.0000,30.3999,29.9800,30.3000,28615
2023-02-13,30.1000,30.5800,29.9800,30.0000,64350
2023-02-14,29.6500,30.2700,29.5500,30.2000,24149
2023-02-15,29.8900,30.1800,29.5500,30.0500,15110
2023-02-16,29.8100,30.0500,29.7600,29.7900,22547
2023-02-17,28.8600,29.1800,28.7200,29.1500,60457
2023-02-21,29.3800,29.4200,28.9200,28.9400,18372
2023-02-22,28.8700,28.9000,28.1810,28.2000,13540
2023-02-23,28.7300,28.9500,28.6000,28.8700,16505
2023-02-24,28.5200,29.1800,28.2950,29.1800,19098
2023-02-27,29.0000,29.0000,28.5800,28.8200,22543
2023-02-28,29.3700,29.5000,29.1400,29.1400,25310
2023-03-01,29.1300,29.6000,29.0800,29.6000,17167
2023-03-02,29.6700,29.8200,29.4800,29.6900,20210
2023-03-03,29.1400,30.4200,29.1400,30.2600,21493
2023-03-06,30.0800,30.7000,30.0700,30.6000,14510
2023-03-07,30.5700,30.5700,29.4200,29.4400,19097
2023-03-08,29.1200,29.5000,29.0214,29.1200,9626
2023-03-09,29.5000,29.6400,28.7200,28.8700,17983
2023-03-10,28.8400,29.3299,28.8400,29.1800,18518
2023-03-13,28.0000,28.9754,27.8300,28.3792,41763
2023-03-14,27.9000,28.3500,27.1300,27.3800,92555
2023-03-15,26.4400,26.6000,25.3100,26.1400,174153
2023-03-16,25.6700,26.5400,25.3100,26.1895,74675
2023-03-17,26.1800,26.1800,25.3100,25.6400,71931
2023-03-20,25.5600,26.1300,25.3707,26.0000,144557
2023-03-21,26.2900,26.7000,26.2100,26.6900,82675
2023-03-22,26.8000,27.2100,26.5800,26.8900,73040
2023-03-23,27.0900,27.4500,26.5410,26.5992,28193
2023-03-24,26.2800,26.6400,26.1600,26.6125,31486
2023-03-27,27.1600,27.9500,26.9700,27.9500,29670
2023-03-28,27.8700,28.2500,27.8563,28.0751,32195
2023-03-29,28.3500,28.4090,27.8600,27.9150,18682
2023-03-30,28.1600,28.4300,27.9500,28.3700,31778
2023-03-31,28.5600,28.9500,28.5500,28.9500,24544
2023-04-03,30.3000,30.6400,30.2000,30.5000,68863
2023-04-04,30.9000,30.9000,30.2300,30.4300,147521
2023-04-05,30.4900,30.5608,30.1800,30.4900,24863
2023-04-06,30.5800,30.5800,30.2800,30.5800,17546
2023-04-10,30.4000,30.6200,30.1600,30.2700,21265
2023-04-11,30.4200,30.8600,30.3543,30.8600,32406
2023-04-12,31.0000,31.4490,31.0000,31.3700,42626
2023-04-13,31.3300,31.4400,31.0200,31.0200,11483
2023-04-14,31.1500,31.3900,30.9324,31.2500,21698
2023-04-17,30.9900,31.0900,30.5700,30.6300,30589
2023-04-18,30.6800,30.9300,30.4200,30.7300,41147
2023-04-19,30.1900,30.2800,29.7100,29.7100,50471
2023-04-20,29.4800,29.5800,29.2700,29.4900,26843
2023-04-21,29.6800,29.7900,29.2800,29.2800,15977
2023-04-24,29.9900,30.1890,29.5400,30.0987,25797
2023-04-25,29.7500,29.7500,29.2100,29.4081,15786
2023-04-26,29.0900,29.4000,28.3479,28.4600,34829
2023-04-27,28.5900,28.7500,28.3200,28.5799,154798
2023-04-28,28.5100,29.3400,28.4200,29.3400,16504
2023-05-01,28.7600,29.0000,28.5100,28.8100,15662
2023-05-02,28.4000,28.4000,27.3996,27.4200,67471
2023-05-03,26.8600,26.8600,26.1800,26.2900,109713
2023-05-04,26.3000,26.8100,26.0000,26.4400,101705
2023-05-05,27.3300,27.5000,27.2500,27.3948,51625
2023-05-08,28.0200,28.1600,27.7900,27.9700,65972
2023-05-09,27.9000,28.3500,27.5600,28.2150,17748
2023-05-10,28.2700,28.2700,27.6700,28.0635,52113
2023-05-11,27.5600,27.6399,27.2388,27.4600,21301
2023-05-12,27.6100,27.6100,26.9300,26.9900,20828
2023-05-15,27.3000,27.5300,27.1500,27.3400,25964
2023-05-16,27.5800,27.6700,27.1700,27.2600,51649
2023-05-17,27.6900,28.3400,27.4800,28.0900,67246
2023-05-18,28.0400,28.0400,27.6700,27.9100,34076
2023-05-19,28.0500,28.0900,27.5400,27.7200,70079
2023-05-22,27.6200,27.9700,27.6100,27.8400,15969
2023-05-23,28.0800,28.4500,28.0800,28.2320,23487
2023-05-24,28.6400,28.8000,28.3500,28.5700,40318
2023-05-25,28.1100,28.1200,27.5400,27.9900,19701
2023-05-26,28.2200,28.3400,28.0800,28.1800,12996
2023-05-30,27.3400,27.4000,26.9100,27.1900,60225
2023-05-31,26.7500,27.0800,26.4500,26.4800,48962
2023-06-01,26.5500,27.6600,26.4500,27.2900,62444
2023-06-02,27.9300,28.0900,27.6800,28.0300,50863
2023-06-05,28.4400,28.4612,27.9100,27.9700,52834
2023-06-06,27.4600,28.1100,27.4500,27.8900,47451
2023-06-07,28.0600,28.4400,28.0200,28.1500,32559
2023-06-08,28.3100,28.4498,28.0400,28.4200,10303
2023-06-09,28.4200,28.4200,28.4200,28.4200,0
2023-06-12,28.4200,28.4200,28.4200,28.4200,0
2023-06-13,28.4200,28.4200,28.4200,28.4200,0
2023-06-14,28.4200,28.4200,28.4200,28.4200,0
